00000000
0000add7
5472c295
1a93ad8f
00000000
00000b45
acb945c1
ed65a873
00000000
00000000
00000000
00000000
00000000
0000ffad
8e29bfeb
b87ef444
00000000
0000d1b0
ed9bcf89
beec32de
00000000
00000000
00000000
00000000
00000000
0000fb67
bd8dc060
4c0c088b
00000000
0000475d
cacb65f6
14f909d6
00000000
00000000
00000000
00000000
00000000
0000500d
666aee9b
67f2e028
00000000
0000923d
662161d1
c3a69e30
00000000
00000000
00000000
00000000
00000000
0000d25d
003df40b
626ea930
00000000
0000ff25
e5d6aa5e
9168fc88
00000000
00000000
00000000
00000000
00000000
0000c4e5
1c70998a
edee2798
00000000
0000cafb
4a0ea014
d31fd872
00000000
00000000
00000000
00000000
00000000
0000d991
964b3ce5
20ac61af
00000000
000026e4
30e4f5e0
93fbf71b
00000000
00000000
00000000
00000000
00000000
0000d144
fd892e2a
d00ead21
00000000
0000211f
8033a7eb
45a53f59
00000000
00000000
00000000
00000000
00000000
00007985
de9ef91c
72d9b97d
00000000
0000aa78
fa2f4e25
6fc1a3bd
00000000
00000000
00000000
00000000
00000000
000045a9
0b928dd4
05686da0
00000000
0000f0b5
9be7cfde
93d3c306
00000000
00000000
00000000
00000000
00000000
0000f26a
d1791590
144a32b1
00000000
0000e409
e78cf79c
4bea1f4e
00000000
00000000
00000000
00000000
00000000
0000d076
938dbae3
bef19d52
00000000
0000a664
f898b756
a7872d09
00000000
00000000
00000000
00000000
00000000
00004abe
4ba8b1d3
fa18098f
00000000
00000000
00000000
00000000
00000000
00000000
00000000
00000000
00000000
00000000
00000000
00000000
00000000
00000000
00000000
00000000
00000000
00000000
00000000
00000000
00000000
00009c75
89983668
1809cf5b
00000000
00000000
00000000
00000000
00000000
00000000
00000000
00000000
00000000
00000000
00000000
00000000
00000000
00000000
00000000
00000000
00000000
00000000
00000000
00000000
00000000
00005987
327e1f44
75daeb78
00000000
00000000
00000000
00000000
00000000
00000000
00000000
00000000
00000000
00000000
00000000
00000000
00000000
00000000
00000000
00000000
00000000
00000000
00000000
00000000
00000000
00000000
00000000
00000000
00000000
00000000
00000000
00000000
00000000
00000000
00000000
00000000
00000000
00000000
00000000
00000000
00000000
00000000
00000000
00000000
00000000
0000120e
9bb483c7
8bfd3982
00000000
00000000
00000000
00000000
00000000
00000000
00000000
00000000
00000000
00000000
00000000
00000000
00000000
00000000
00000000
00000000
00000000
00000000
00000000
00000000
00000000
0000290f
1971578e
7bc24121
00000000
00000000
00000000
00000000
00000000
00000000
00000000
00000000
00000000
00000000
00000000
00000000
00000000
00000000
00000000
00000000
00000000
00000000
00000000
00000000
00000000
0000d82a
f5fcef82
6f1b3fed
00000000
00000000
00000000
00000000
00000000
00000000
00000000
00000000
00000000
00000000
00000000
00000000
00000000
00000000
00000000
00000000
00000000
00000000
00000000
00000000
00000000
00000000
00000000
00000000
00000000
00000000
00000000
00000000
00000000
00000000
00000000
00000000
00000000
00000000
00000000
00000000
00000000
00000000
00000000
00000000
00000000
0000efd2
f99d9261
bb8707c0
00000000
00000000
00000000
00000000
00000000
00000000
00000000
00000000
00000000
00000000
00000000
00000000
00000000
00000000
00000000
00000000
00000000
00000000
00000000
00000000
00000000
00000000
00000000
00000000
00000000
00000000
00000000
00000000
00000000
00000000
00000000
00000000
00000000
00000000
00000000
00000000
00000000
00000000
00000000
00000000
00000000
00000000
00000000
00000000
00000000
00000000
00000000
00000000
00000000
00000000
00000000
00000000
00000000
00000000
00000000
00000000
00000000
00000000
00000000
00000000
00000000
00000cfd
24783a85
52e86241
00000000
00000000
00000000
00000000
00000000
00000000
00000000
00000000
00000000
00000000
00000000
00000000
00000000
00000000
00000000
00000000
00000000
00000000
00000000
00000000
00000000
00005e80
8e4ccf95
140b6955
00000000
00000000
00000000
00000000
00000000
00000000
00000000
00000000
00000000
00000000
00000000
00000000
00000000
00000000
00000000
00000000
00000000
00000000
00000000
00000000
00000000
000004d2
5a9cb573
acb2e7a0
00000000
00000000
00000000
00000000
00000000
00000000
00000000
00000000
00000000
00000000
00000000
00000000
00000000
00000000
00000000
00000000
00000000
00000000
00000000
00000000
00000000
00000000
00000000
00000000
00000000
00000000
00000000
00000000
00000000
00000000
00000000
00000000
00000000
00000000
00000000
00000000
00000000
00000000
00000000
00000000
00000000
00001654
0a9452ed
9b1d1e3c
00000000
00000000
00000000
00000000
00000000
000064fd
4694ada1
c4b2a4d9
00000000
00000000
00000000
00000000
00000000
00000000
00000000
00000000
00000000
00000000
00000000
00000000
00000000
00000000
00000000
00000000
00000000
00000000
00000000
00000000
00000000
00000000
00000000
00000000
00000000
00000000
00000000
00000000
00000000
00000000
00000000
00000000
00000000
00000000
00000000
00000000
00000000
00000000
00000000
00000000
00000000
00000000
00000000
00000000
00000000
00000000
00000000
00000000
00000000
00000000
00000000
00000000
00000000
00000000
00000000
00000000
00000000
00000000
00000000
00000000
00000000
00000000
00000000
00000000
00000000
00000000
00000000
00000000
00000000
00000000
00000000
00000000
00000000
00000000
00000000
00000000
00000000
0000b0f2
f4e41d76
761195ab
