00000000
00000bba
7c80f813
e5f3519a
00000000
00007669
b4965aaa
20054f72
00000000
00000000
00000000
00000000
00000000
0000694c
0cdd70f7
3858f00c
00000000
00000000
00000000
00000000
00000000
00000000
00000000
00000000
00000000
00000000
00000000
00000000
00000000
00000000
00000000
00000000
00000000
0000ba33
0ec53bfc
77fadb7a
00000000
00000000
00000000
00000000
00000000
0000f996
577c1a97
cdc23d8c
00000000
00000000
00000000
00000000
00000000
00000000
00000000
00000000
00000000
00000000
00000000
00000000
00000000
00000000
00000000
00000000
00000000
0000ce33
50af99c7
1e848f0c
00000000
00000000
00000000
00000000
00000000
0000535a
46cd79b2
88f26ed5
00000000
00000000
00000000
00000000
00000000
00000000
00000000
00000000
00000000
00000000
00000000
00000000
00000000
00000000
00000000
00000000
00000000
0000142c
c1add938
c443af72
00000000
00000000
00000000
00000000
00000000
00007aa3
86b55e57
406f2d31
00000000
00000000
00000000
00000000
00000000
00000000
00000000
00000000
00000000
00000000
00000000
00000000
00000000
00000000
00000000
00000000
00000000
00006cb3
b0549bc1
66d528ab
00000000
00000000
00000000
00000000
00000000
0000dfab
6d71bb8a
3f7ce770
00000000
00000000
00000000
00000000
00000000
00000000
00000000
00000000
00000000
00000000
00000000
00000000
00000000
00000000
00000000
00000000
00000000
0000b2d5
fc14b914
a5f7fe62
00000000
00000000
00000000
00000000
00000000
00007784
af0da185
207b51b7
