00000000
00005555
0cdb577c
6cd20806
00000000
0000525d
4f0ce202
3f512d34
00000000
00000000
00000000
00000000
00000000
00009fd8
0dc18d11
04ed32a2
00000000
00000000
00000000
00000000
00000000
00000000
00000000
00000000
00000000
00000000
00000000
00000000
00000000
00000000
00000000
00000000
00000000
000051e8
2fa5314e
09683518
00000000
00000000
00000000
00000000
00000000
000050e8
e2751a99
2130ce31
00000000
00000000
00000000
00000000
00000000
00000000
00000000
00000000
00000000
00000000
00000000
00000000
00000000
00000000
00000000
00000000
00000000
0000ea24
5256ebc1
2cd13bea
00000000
00000000
00000000
00000000
00000000
00007387
ae4ffb13
936cd323
00000000
00000000
00000000
00000000
00000000
00000000
00000000
00000000
00000000
00000000
00000000
00000000
00000000
00000000
00000000
00000000
00000000
00006b3b
f119594f
f9e07a5b
00000000
00000000
00000000
00000000
00000000
0000bb94
c366057b
46babcc2
00000000
00000000
00000000
00000000
00000000
00000000
00000000
00000000
00000000
00000000
00000000
00000000
00000000
00000000
00000000
00000000
00000000
0000f9f6
1bf1da77
c7681976
00000000
00000000
00000000
00000000
00000000
0000cda8
b1ce553a
8d418f21
00000000
00000000
00000000
00000000
00000000
00000000
00000000
00000000
00000000
00000000
00000000
00000000
00000000
00000000
00000000
00000000
00000000
00006e96
9254b6fd
5872ee72
00000000
00000000
00000000
00000000
00000000
000076b4
9ef4b578
1767344a
