00000000
0000176b
ea70a537
bcaf42b9
00000000
0000fb2d
0ff9656f
1866cbe1
00000000
00000000
00000000
00000000
00000000
0000f210
d55c5dc8
e836b477
00000000
00000000
00000000
00000000
00000000
00004dee
610894f6
bf8d3fec
00000000
00000000
00000000
00000000
00000000
00009c79
7d409915
104f2cb0
00000000
00000000
00000000
00000000
00000000
00005aca
5c14843b
bb0809c7
00000000
00000000
00000000
00000000
00000000
0000855e
97bbd3f0
5b21d54c
00000000
00000000
00000000
00000000
00000000
000028c7
bb08f0f9
16a4bbf5
00000000
00000000
00000000
00000000
00000000
00004560
76eeb725
1f46ee85
00000000
00000000
00000000
00000000
00000000
0000c438
c407efe9
5dcb76ef
00000000
000095b3
3697e074
690c3ad6
00000000
00000000
00000000
00000000
00000000
00000000
00000000
00000000
00000000
00000000
00000000
00000000
00000000
00000000
00000000
00000000
00000000
00000000
00000000
00000000
00000000
00007e22
ab51315e
9e41357f
00000000
00000000
00000000
00000000
00000000
00000000
00000000
00000000
00000000
00000000
00000000
00000000
00000000
00000000
00000000
00000000
00000000
00000000
00000000
00000000
00000000
000085cf
abc7cfed
02d1874e
00000000
00000000
00000000
00000000
00000000
00000000
00000000
00000000
00000000
00000000
00000000
00000000
00000000
00000000
00000000
00000000
00000000
00000000
00000000
00000000
00000000
000031c9
8476c82d
24f486b6
00000000
00000000
00000000
00000000
00000000
00000000
00000000
00000000
00000000
00000000
00000000
00000000
00000000
00000000
00000000
00000000
00000000
00000000
00000000
00000000
00000000
00005a79
194256c1
3abfbe68
00000000
00000000
00000000
00000000
00000000
00000000
00000000
00000000
00000000
00000000
00000000
00000000
00000000
00000000
00000000
00000000
00000000
00000000
00000000
00000000
00000000
000091d0
ff3e4967
983c46e9
00000000
00000000
00000000
00000000
00000000
00000000
00000000
00000000
00000000
00000000
00000000
00000000
00000000
00000000
00000000
00000000
00000000
00000000
00000000
00000000
00000000
00007b12
4bae2335
12fbd59d
00000000
00000000
00000000
00000000
00000000
00000000
00000000
00000000
00000000
00000000
00000000
00000000
00000000
00000000
00000000
00000000
00000000
00000000
00000000
00000000
00000000
00003941
6cee6d9b
6295f18c
